1.000000000000000000e+00 0.000000000000000000e+00 0.000000000000000000e+00 0.000000000000000000e+00
-1.000000000000000000e+00 0.000000000000000000e+00 0.000000000000000000e+00 0.000000000000000000e+00
0.000000000000000000e+00 1.000000000000000000e+00 0.000000000000000000e+00 0.000000000000000000e+00
0.000000000000000000e+00 -1.000000000000000000e+00 0.000000000000000000e+00 0.000000000000000000e+00
0.000000000000000000e+00 0.000000000000000000e+00 1.000000000000000000e+00 0.000000000000000000e+00
0.000000000000000000e+00 0.000000000000000000e+00 -1.000000000000000000e+00 0.000000000000000000e+00
0.000000000000000000e+00 0.000000000000000000e+00 0.000000000000000000e+00 1.000000000000000000e+00
0.000000000000000000e+00 0.000000000000000000e+00 0.000000000000000000e+00 -1.000000000000000000e+00
5.000000000000000000e-01 5.000000000000000000e-01 5.000000000000000000e-01 5.000000000000000000e-01
5.000000000000000000e-01 5.000000000000000000e-01 -5.000000000000000000e-01 -5.000000000000000000e-01
5.000000000000000000e-01 -5.000000000000000000e-01 5.000000000000000000e-01 -5.000000000000000000e-01
5.000000000000000000e-01 -5.000000000000000000e-01 -5.000000000000000000e-01 5.000000000000000000e-01
-5.000000000000000000e-01 5.000000000000000000e-01 5.000000000000000000e-01 -5.000000000000000000e-01
-5.000000000000000000e-01 5.000000000000000000e-01 -5.000000000000000000e-01 5.000000000000000000e-01
-5.000000000000000000e-01 -5.000000000000000000e-01 5.000000000000000000e-01 5.000000000000000000e-01
-5.000000000000000000e-01 -5.000000000000000000e-01 -5.000000000000000000e-01 -5.000000000000000000e-01
1.618033988749894903e+00 6.180339887498947915e-01 0.000000000000000000e+00 1.000000000000000000e+00
1.000000000000000000e+00 1.618033988749894903e+00 0.000000000000000000e+00 6.180339887498947915e-01
6.180339887498947915e-01 1.618033988749894903e+00 1.000000000000000000e+00 0.000000000000000000e+00
0.000000000000000000e+00 1.618033988749894903e+00 6.180339887498947915e-01 1.000000000000000000e+00
6.180339887498947915e-01 1.000000000000000000e+00 0.000000000000000000e+00 1.618033988749894903e+00
1.000000000000000000e+00 6.180339887498947915e-01 1.618033988749894903e+00 0.000000000000000000e+00
6.180339887498947915e-01 0.000000000000000000e+00 1.618033988749894903e+00 1.000000000000000000e+00
0.000000000000000000e+00 1.000000000000000000e+00 1.618033988749894903e+00 6.180339887498947915e-01
1.618033988749894903e+00 0.000000000000000000e+00 1.000000000000000000e+00 6.180339887498947915e-01
1.618033988749894903e+00 1.000000000000000000e+00 6.180339887498947915e-01 0.000000000000000000e+00
0.000000000000000000e+00 6.180339887498947915e-01 1.000000000000000000e+00 1.618033988749894903e+00
1.000000000000000000e+00 0.000000000000000000e+00 6.180339887498947915e-01 1.618033988749894903e+00
1.618033988749894903e+00 -1.000000000000000000e+00 6.180339887498947915e-01 0.000000000000000000e+00
1.618033988749894903e+00 6.180339887498947915e-01 0.000000000000000000e+00 -1.000000000000000000e+00
1.618033988749894903e+00 0.000000000000000000e+00 -1.000000000000000000e+00 6.180339887498947915e-01
-1.000000000000000000e+00 0.000000000000000000e+00 6.180339887498947915e-01 1.618033988749894903e+00
0.000000000000000000e+00 6.180339887498947915e-01 -1.000000000000000000e+00 1.618033988749894903e+00
0.000000000000000000e+00 1.618033988749894903e+00 6.180339887498947915e-01 -1.000000000000000000e+00
0.000000000000000000e+00 -1.000000000000000000e+00 1.618033988749894903e+00 6.180339887498947915e-01
6.180339887498947915e-01 1.618033988749894903e+00 -1.000000000000000000e+00 0.000000000000000000e+00
-1.000000000000000000e+00 1.618033988749894903e+00 0.000000000000000000e+00 6.180339887498947915e-01
-1.000000000000000000e+00 6.180339887498947915e-01 1.618033988749894903e+00 0.000000000000000000e+00
6.180339887498947915e-01 0.000000000000000000e+00 1.618033988749894903e+00 -1.000000000000000000e+00
6.180339887498947915e-01 -1.000000000000000000e+00 0.000000000000000000e+00 1.618033988749894903e+00
0.000000000000000000e+00 -1.618033988749894903e+00 1.000000000000000000e+00 6.180339887498947915e-01
6.180339887498947915e-01 -1.618033988749894903e+00 0.000000000000000000e+00 1.000000000000000000e+00
0.000000000000000000e+00 1.000000000000000000e+00 6.180339887498947915e-01 -1.618033988749894903e+00
-1.618033988749894903e+00 1.000000000000000000e+00 0.000000000000000000e+00 6.180339887498947915e-01
-1.618033988749894903e+00 6.180339887498947915e-01 1.000000000000000000e+00 0.000000000000000000e+00
1.000000000000000000e+00 0.000000000000000000e+00 -1.618033988749894903e+00 6.180339887498947915e-01
1.000000000000000000e+00 -1.618033988749894903e+00 6.180339887498947915e-01 0.000000000000000000e+00
1.000000000000000000e+00 6.180339887498947915e-01 0.000000000000000000e+00 -1.618033988749894903e+00
6.180339887498947915e-01 0.000000000000000000e+00 1.000000000000000000e+00 -1.618033988749894903e+00
6.180339887498947915e-01 1.000000000000000000e+00 -1.618033988749894903e+00 0.000000000000000000e+00
-1.618033988749894903e+00 0.000000000000000000e+00 6.180339887498947915e-01 1.000000000000000000e+00
0.000000000000000000e+00 6.180339887498947915e-01 -1.618033988749894903e+00 1.000000000000000000e+00
-1.618033988749894903e+00 -1.000000000000000000e+00 0.000000000000000000e+00 6.180339887498947915e-01
6.180339887498947915e-01 -1.618033988749894903e+00 0.000000000000000000e+00 -1.000000000000000000e+00
0.000000000000000000e+00 6.180339887498947915e-01 -1.618033988749894903e+00 -1.000000000000000000e+00
0.000000000000000000e+00 -1.618033988749894903e+00 -1.000000000000000000e+00 6.180339887498947915e-01
-1.000000000000000000e+00 -1.618033988749894903e+00 6.180339887498947915e-01 0.000000000000000000e+00
-1.618033988749894903e+00 6.180339887498947915e-01 -1.000000000000000000e+00 0.000000000000000000e+00
-1.000000000000000000e+00 6.180339887498947915e-01 0.000000000000000000e+00 -1.618033988749894903e+00
-1.000000000000000000e+00 0.000000000000000000e+00 -1.618033988749894903e+00 6.180339887498947915e-01
-1.618033988749894903e+00 0.000000000000000000e+00 6.180339887498947915e-01 -1.000000000000000000e+00
6.180339887498947915e-01 0.000000000000000000e+00 -1.000000000000000000e+00 -1.618033988749894903e+00
6.180339887498947915e-01 -1.000000000000000000e+00 -1.618033988749894903e+00 0.000000000000000000e+00
0.000000000000000000e+00 -1.000000000000000000e+00 6.180339887498947915e-01 -1.618033988749894903e+00
-6.180339887498947915e-01 1.000000000000000000e+00 1.618033988749894903e+00 0.000000000000000000e+00
1.000000000000000000e+00 0.000000000000000000e+00 1.618033988749894903e+00 -6.180339887498947915e-01
0.000000000000000000e+00 1.618033988749894903e+00 1.000000000000000000e+00 -6.180339887498947915e-01
1.000000000000000000e+00 1.618033988749894903e+00 -6.180339887498947915e-01 0.000000000000000000e+00
1.618033988749894903e+00 -6.180339887498947915e-01 1.000000000000000000e+00 0.000000000000000000e+00
-6.180339887498947915e-01 0.000000000000000000e+00 1.000000000000000000e+00 1.618033988749894903e+00
-6.180339887498947915e-01 1.618033988749894903e+00 0.000000000000000000e+00 1.000000000000000000e+00
1.618033988749894903e+00 1.000000000000000000e+00 0.000000000000000000e+00 -6.180339887498947915e-01
0.000000000000000000e+00 -6.180339887498947915e-01 1.618033988749894903e+00 1.000000000000000000e+00
0.000000000000000000e+00 1.000000000000000000e+00 -6.180339887498947915e-01 1.618033988749894903e+00
1.618033988749894903e+00 0.000000000000000000e+00 -6.180339887498947915e-01 1.000000000000000000e+00
1.000000000000000000e+00 -6.180339887498947915e-01 0.000000000000000000e+00 1.618033988749894903e+00
-1.000000000000000000e+00 0.000000000000000000e+00 1.618033988749894903e+00 -6.180339887498947915e-01
-6.180339887498947915e-01 -1.000000000000000000e+00 1.618033988749894903e+00 0.000000000000000000e+00
0.000000000000000000e+00 -1.000000000000000000e+00 -6.180339887498947915e-01 1.618033988749894903e+00
-6.180339887498947915e-01 1.618033988749894903e+00 0.000000000000000000e+00 -1.000000000000000000e+00
0.000000000000000000e+00 1.618033988749894903e+00 -1.000000000000000000e+00 -6.180339887498947915e-01
1.618033988749894903e+00 -6.180339887498947915e-01 -1.000000000000000000e+00 0.000000000000000000e+00
-1.000000000000000000e+00 1.618033988749894903e+00 -6.180339887498947915e-01 0.000000000000000000e+00
-6.180339887498947915e-01 0.000000000000000000e+00 -1.000000000000000000e+00 1.618033988749894903e+00
0.000000000000000000e+00 -6.180339887498947915e-01 1.618033988749894903e+00 -1.000000000000000000e+00
1.618033988749894903e+00 0.000000000000000000e+00 -6.180339887498947915e-01 -1.000000000000000000e+00
-1.000000000000000000e+00 -6.180339887498947915e-01 0.000000000000000000e+00 1.618033988749894903e+00
1.618033988749894903e+00 -1.000000000000000000e+00 0.000000000000000000e+00 -6.180339887498947915e-01
0.000000000000000000e+00 -1.618033988749894903e+00 -6.180339887498947915e-01 1.000000000000000000e+00
1.000000000000000000e+00 -1.618033988749894903e+00 0.000000000000000000e+00 -6.180339887498947915e-01
-1.618033988749894903e+00 1.000000000000000000e+00 -6.180339887498947915e-01 0.000000000000000000e+00
0.000000000000000000e+00 1.000000000000000000e+00 -1.618033988749894903e+00 -6.180339887498947915e-01
-6.180339887498947915e-01 0.000000000000000000e+00 -1.618033988749894903e+00 1.000000000000000000e+00
1.000000000000000000e+00 0.000000000000000000e+00 -6.180339887498947915e-01 -1.618033988749894903e+00
-1.618033988749894903e+00 0.000000000000000000e+00 1.000000000000000000e+00 -6.180339887498947915e-01
0.000000000000000000e+00 -6.180339887498947915e-01 1.000000000000000000e+00 -1.618033988749894903e+00
-1.618033988749894903e+00 -6.180339887498947915e-01 0.000000000000000000e+00 1.000000000000000000e+00
1.000000000000000000e+00 -6.180339887498947915e-01 -1.618033988749894903e+00 0.000000000000000000e+00
-6.180339887498947915e-01 -1.618033988749894903e+00 1.000000000000000000e+00 0.000000000000000000e+00
-6.180339887498947915e-01 1.000000000000000000e+00 0.000000000000000000e+00 -1.618033988749894903e+00
-6.180339887498947915e-01 -1.618033988749894903e+00 -1.000000000000000000e+00 0.000000000000000000e+00
0.000000000000000000e+00 -6.180339887498947915e-01 -1.000000000000000000e+00 -1.618033988749894903e+00
-6.180339887498947915e-01 -1.000000000000000000e+00 0.000000000000000000e+00 -1.618033988749894903e+00
0.000000000000000000e+00 -1.618033988749894903e+00 -6.180339887498947915e-01 -1.000000000000000000e+00
-6.180339887498947915e-01 0.000000000000000000e+00 -1.618033988749894903e+00 -1.000000000000000000e+00
-1.000000000000000000e+00 0.000000000000000000e+00 -6.180339887498947915e-01 -1.618033988749894903e+00
-1.000000000000000000e+00 -1.618033988749894903e+00 0.000000000000000000e+00 -6.180339887498947915e-01
-1.618033988749894903e+00 -6.180339887498947915e-01 0.000000000000000000e+00 -1.000000000000000000e+00
-1.000000000000000000e+00 -6.180339887498947915e-01 -1.618033988749894903e+00 0.000000000000000000e+00
0.000000000000000000e+00 -1.000000000000000000e+00 -1.618033988749894903e+00 -6.180339887498947915e-01
-1.618033988749894903e+00 -1.000000000000000000e+00 -6.180339887498947915e-01 0.000000000000000000e+00
-1.618033988749894903e+00 0.000000000000000000e+00 -1.000000000000000000e+00 -6.180339887498947915e-01
