0 1
0 2
0 3
0 4
0 5
0 6
0 7
0 8
0 9
0 10
0 11
0 12
1 2
1 3
1 4
1 5
1 6
1 13
1 14
1 15
1 16
1 19
1 33
2 3
2 4
2 7
2 8
2 13
2 14
2 17
2 18
2 20
2 34
3 5
3 7
3 9
3 13
3 15
3 17
3 21
3 23
3 35
4 6
4 8
4 10
4 14
4 16
4 18
4 22
4 24
4 36
5 6
5 9
5 11
5 15
5 19
5 21
5 25
5 27
5 37
6 10
6 11
6 16
6 19
6 22
6 25
6 28
6 38
7 8
7 9
7 12
7 17
7 20
7 23
7 26
7 29
7 39
8 10
8 12
8 18
8 20
8 24
8 26
8 30
8 40
9 11
9 12
9 21
9 23
9 27
9 29
9 31
9 41
10 11
10 12
10 22
10 24
10 28
10 30
10 32
10 42
11 12
11 25
11 27
11 28
11 31
11 32
11 43
12 26
12 29
12 30
12 31
12 32
12 44
13 14
13 15
13 17
13 33
13 34
13 35
13 45
13 46
13 48
14 16
14 18
14 33
14 34
14 36
14 45
14 47
14 49
15 19
15 21
15 33
15 35
15 37
15 46
15 50
15 54
16 19
16 22
16 33
16 36
16 38
16 47
16 51
16 55
17 20
17 23
17 34
17 35
17 39
17 48
17 52
17 56
18 20
18 24
18 34
18 36
18 40
18 49
18 53
18 57
19 25
19 33
19 37
19 38
19 50
19 51
19 58
20 26
20 34
20 39
20 40
20 52
20 53
20 61
21 23
21 27
21 35
21 37
21 41
21 54
21 59
21 62
22 24
22 28
22 36
22 38
22 42
22 55
22 60
22 63
23 29
23 35
23 39
23 41
23 56
23 59
23 64
24 30
24 36
24 40
24 42
24 57
24 60
24 65
25 27
25 28
25 37
25 38
25 43
25 58
25 66
25 67
26 29
26 30
26 39
26 40
26 44
26 61
26 68
26 69
27 31
27 37
27 41
27 43
27 62
27 66
27 70
28 32
28 38
28 42
28 43
28 63
28 67
28 71
29 31
29 39
29 41
29 44
29 64
29 68
29 72
30 32
30 40
30 42
30 44
30 65
30 69
30 73
31 32
31 41
31 43
31 44
31 70
31 72
31 74
32 42
32 43
32 44
32 71
32 73
32 74
33 45
33 46
33 47
33 50
33 51
33 75
34 45
34 48
34 49
34 52
34 53
34 76
35 46
35 48
35 54
35 56
35 59
35 77
36 47
36 49
36 55
36 57
36 60
36 78
37 50
37 54
37 58
37 62
37 66
37 79
38 51
38 55
38 58
38 63
38 67
38 80
39 52
39 56
39 61
39 64
39 68
39 81
40 53
40 57
40 61
40 65
40 69
40 82
41 59
41 62
41 64
41 70
41 72
41 83
42 60
42 63
42 65
42 71
42 73
42 84
43 66
43 67
43 70
43 71
43 74
43 85
44 68
44 69
44 72
44 73
44 74
44 86
45 46
45 47
45 48
45 49
45 75
45 76
45 87
45 88
46 48
46 50
46 54
46 75
46 77
46 87
46 89
47 49
47 51
47 55
47 75
47 78
47 88
47 90
48 52
48 56
48 76
48 77
48 87
48 91
49 53
49 57
49 76
49 78
49 88
49 92
50 51
50 54
50 58
50 75
50 79
50 89
50 93
51 55
51 58
51 75
51 80
51 90
51 93
52 53
52 56
52 61
52 76
52 81
52 91
52 94
53 57
53 61
53 76
53 82
53 92
53 94
54 59
54 62
54 77
54 79
54 89
54 95
55 60
55 63
55 78
55 80
55 90
55 96
56 59
56 64
56 77
56 81
56 91
56 97
57 60
57 65
57 78
57 82
57 92
57 98
58 66
58 67
58 79
58 80
58 93
58 99
59 62
59 64
59 77
59 83
59 95
59 97
60 63
60 65
60 78
60 84
60 96
60 98
61 68
61 69
61 81
61 82
61 94
61 100
62 66
62 70
62 79
62 83
62 95
62 101
63 67
63 71
63 80
63 84
63 96
63 102
64 68
64 72
64 81
64 83
64 97
64 103
65 69
65 73
65 82
65 84
65 98
65 104
66 67
66 70
66 79
66 85
66 99
66 101
67 71
67 80
67 85
67 99
67 102
68 69
68 72
68 81
68 86
68 100
68 103
69 73
69 82
69 86
69 100
69 104
70 72
70 74
70 83
70 85
70 101
70 105
71 73
71 74
71 84
71 85
71 102
71 106
72 74
72 83
72 86
72 103
72 105
73 74
73 84
73 86
73 104
73 106
74 85
74 86
74 105
74 106
75 87
75 88
75 89
75 90
75 93
75 107
76 87
76 88
76 91
76 92
76 94
76 108
77 87
77 89
77 91
77 95
77 97
77 109
78 88
78 90
78 92
78 96
78 98
78 110
79 89
79 93
79 95
79 99
79 101
79 111
80 90
80 93
80 96
80 99
80 102
80 112
81 91
81 94
81 97
81 100
81 103
81 113
82 92
82 94
82 98
82 100
82 104
82 114
83 95
83 97
83 101
83 103
83 105
83 115
84 96
84 98
84 102
84 104
84 106
84 116
85 99
85 101
85 102
85 105
85 106
85 117
86 100
86 103
86 104
86 105
86 106
86 118
87 88
87 89
87 91
87 107
87 108
87 109
88 90
88 92
88 107
88 108
88 110
89 93
89 95
89 107
89 109
89 111
90 93
90 96
90 107
90 110
90 112
91 94
91 97
91 108
91 109
91 113
92 94
92 98
92 108
92 110
92 114
93 99
93 107
93 111
93 112
94 100
94 108
94 113
94 114
95 97
95 101
95 109
95 111
95 115
96 98
96 102
96 110
96 112
96 116
97 103
97 109
97 113
97 115
98 104
98 110
98 114
98 116
99 101
99 102
99 111
99 112
99 117
100 103
100 104
100 113
100 114
100 118
101 105
101 111
101 115
101 117
102 106
102 112
102 116
102 117
103 105
103 113
103 115
103 118
104 106
104 114
104 116
104 118
105 106
105 115
105 117
105 118
106 116
106 117
106 118
107 108
107 109
107 110
107 111
107 112
107 119
108 109
108 110
108 113
108 114
108 119
109 111
109 113
109 115
109 119
110 112
110 114
110 116
110 119
111 112
111 115
111 117
111 119
112 116
112 117
112 119
113 114
113 115
113 118
113 119
114 116
114 118
114 119
115 117
115 118
115 119
116 117
116 118
116 119
117 118
117 119
118 119
