-1.000000000000 0.000000000000 0.000000000000 0.000000000000
-0.809016994375 -0.500000000000 -0.309016994375 0.000000000000
-0.809016994375 -0.500000000000 0.309016994375 0.000000000000
-0.809016994375 -0.309016994375 0.000000000000 -0.500000000000
-0.809016994375 -0.309016994375 0.000000000000 0.500000000000
-0.809016994375 0.000000000000 -0.500000000000 -0.309016994375
-0.809016994375 0.000000000000 -0.500000000000 0.309016994375
-0.809016994375 0.000000000000 0.500000000000 -0.309016994375
-0.809016994375 0.000000000000 0.500000000000 0.309016994375
-0.809016994375 0.309016994375 0.000000000000 -0.500000000000
-0.809016994375 0.309016994375 0.000000000000 0.500000000000
-0.809016994375 0.500000000000 -0.309016994375 0.000000000000
-0.809016994375 0.500000000000 0.309016994375 0.000000000000
-0.500000000000 -0.809016994375 0.000000000000 -0.309016994375
-0.500000000000 -0.809016994375 0.000000000000 0.309016994375
-0.500000000000 -0.500000000000 -0.500000000000 -0.500000000000
-0.500000000000 -0.500000000000 -0.500000000000 0.500000000000
-0.500000000000 -0.500000000000 0.500000000000 -0.500000000000
-0.500000000000 -0.500000000000 0.500000000000 0.500000000000
-0.500000000000 -0.309016994375 -0.809016994375 0.000000000000
-0.500000000000 -0.309016994375 0.809016994375 0.000000000000
-0.500000000000 0.000000000000 -0.309016994375 -0.809016994375
-0.500000000000 0.000000000000 -0.309016994375 0.809016994375
-0.500000000000 0.000000000000 0.309016994375 -0.809016994375
-0.500000000000 0.000000000000 0.309016994375 0.809016994375
-0.500000000000 0.309016994375 -0.809016994375 0.000000000000
-0.500000000000 0.309016994375 0.809016994375 0.000000000000
-0.500000000000 0.500000000000 -0.500000000000 -0.500000000000
-0.500000000000 0.500000000000 -0.500000000000 0.500000000000
-0.500000000000 0.500000000000 0.500000000000 -0.500000000000
-0.500000000000 0.500000000000 0.500000000000 0.500000000000
-0.500000000000 0.809016994375 0.000000000000 -0.309016994375
-0.500000000000 0.809016994375 0.000000000000 0.309016994375
-0.309016994375 -0.809016994375 -0.500000000000 0.000000000000
-0.309016994375 -0.809016994375 0.500000000000 0.000000000000
-0.309016994375 -0.500000000000 0.000000000000 -0.809016994375
-0.309016994375 -0.500000000000 0.000000000000 0.809016994375
-0.309016994375 0.000000000000 -0.809016994375 -0.500000000000
-0.309016994375 0.000000000000 -0.809016994375 0.500000000000
-0.309016994375 0.000000000000 0.809016994375 -0.500000000000
-0.309016994375 0.000000000000 0.809016994375 0.500000000000
-0.309016994375 0.500000000000 0.000000000000 -0.809016994375
-0.309016994375 0.500000000000 0.000000000000 0.809016994375
-0.309016994375 0.809016994375 -0.500000000000 0.000000000000
-0.309016994375 0.809016994375 0.500000000000 0.000000000000
0.000000000000 -1.000000000000 0.000000000000 0.000000000000
0.000000000000 -0.809016994375 -0.309016994375 -0.500000000000
0.000000000000 -0.809016994375 -0.309016994375 0.500000000000
0.000000000000 -0.809016994375 0.309016994375 -0.500000000000
0.000000000000 -0.809016994375 0.309016994375 0.500000000000
0.000000000000 -0.500000000000 -0.809016994375 -0.309016994375
0.000000000000 -0.500000000000 -0.809016994375 0.309016994375
0.000000000000 -0.500000000000 0.809016994375 -0.309016994375
0.000000000000 -0.500000000000 0.809016994375 0.309016994375
0.000000000000 -0.309016994375 -0.500000000000 -0.809016994375
0.000000000000 -0.309016994375 -0.500000000000 0.809016994375
0.000000000000 -0.309016994375 0.500000000000 -0.809016994375
0.000000000000 -0.309016994375 0.500000000000 0.809016994375
0.000000000000 0.000000000000 -1.000000000000 0.000000000000
0.000000000000 0.000000000000 0.000000000000 -1.000000000000
0.000000000000 0.000000000000 0.000000000000 1.000000000000
0.000000000000 0.000000000000 1.000000000000 0.000000000000
0.000000000000 0.309016994375 -0.500000000000 -0.809016994375
0.000000000000 0.309016994375 -0.500000000000 0.809016994375
0.000000000000 0.309016994375 0.500000000000 -0.809016994375
0.000000000000 0.309016994375 0.500000000000 0.809016994375
0.000000000000 0.500000000000 -0.809016994375 -0.309016994375
0.000000000000 0.500000000000 -0.809016994375 0.309016994375
0.000000000000 0.500000000000 0.809016994375 -0.309016994375
0.000000000000 0.500000000000 0.809016994375 0.309016994375
0.000000000000 0.809016994375 -0.309016994375 -0.500000000000
0.000000000000 0.809016994375 -0.309016994375 0.500000000000
0.000000000000 0.809016994375 0.309016994375 -0.500000000000
0.000000000000 0.809016994375 0.309016994375 0.500000000000
0.000000000000 1.000000000000 0.000000000000 0.000000000000
0.309016994375 -0.809016994375 -0.500000000000 0.000000000000
0.309016994375 -0.809016994375 0.500000000000 0.000000000000
0.309016994375 -0.500000000000 0.000000000000 -0.809016994375
0.309016994375 -0.500000000000 0.000000000000 0.809016994375
0.309016994375 0.000000000000 -0.809016994375 -0.500000000000
0.309016994375 0.000000000000 -0.809016994375 0.500000000000
0.309016994375 0.000000000000 0.809016994375 -0.500000000000
0.309016994375 0.000000000000 0.809016994375 0.500000000000
0.309016994375 0.500000000000 0.000000000000 -0.809016994375
0.309016994375 0.500000000000 0.000000000000 0.809016994375
0.309016994375 0.809016994375 -0.500000000000 0.000000000000
0.309016994375 0.809016994375 0.500000000000 0.000000000000
0.500000000000 -0.809016994375 0.000000000000 -0.309016994375
0.500000000000 -0.809016994375 0.000000000000 0.309016994375
0.500000000000 -0.500000000000 -0.500000000000 -0.500000000000
0.500000000000 -0.500000000000 -0.500000000000 0.500000000000
0.500000000000 -0.500000000000 0.500000000000 -0.500000000000
0.500000000000 -0.500000000000 0.500000000000 0.500000000000
0.500000000000 -0.309016994375 -0.809016994375 0.000000000000
0.500000000000 -0.309016994375 0.809016994375 0.000000000000
0.500000000000 0.000000000000 -0.309016994375 -0.809016994375
0.500000000000 0.000000000000 -0.309016994375 0.809016994375
0.500000000000 0.000000000000 0.309016994375 -0.809016994375
0.500000000000 0.000000000000 0.309016994375 0.809016994375
0.500000000000 0.309016994375 -0.809016994375 0.000000000000
0.500000000000 0.309016994375 0.809016994375 0.000000000000
0.500000000000 0.500000000000 -0.500000000000 -0.500000000000
0.500000000000 0.500000000000 -0.500000000000 0.500000000000
0.500000000000 0.500000000000 0.500000000000 -0.500000000000
0.500000000000 0.500000000000 0.500000000000 0.500000000000
0.500000000000 0.809016994375 0.000000000000 -0.309016994375
0.500000000000 0.809016994375 0.000000000000 0.309016994375
0.809016994375 -0.500000000000 -0.309016994375 0.000000000000
0.809016994375 -0.500000000000 0.309016994375 0.000000000000
0.809016994375 -0.309016994375 0.000000000000 -0.500000000000
0.809016994375 -0.309016994375 0.000000000000 0.500000000000
0.809016994375 0.000000000000 -0.500000000000 -0.309016994375
0.809016994375 0.000000000000 -0.500000000000 0.309016994375
0.809016994375 0.000000000000 0.500000000000 -0.309016994375
0.809016994375 0.000000000000 0.500000000000 0.309016994375
0.809016994375 0.309016994375 0.000000000000 -0.500000000000
0.809016994375 0.309016994375 0.000000000000 0.500000000000
0.809016994375 0.500000000000 -0.309016994375 0.000000000000
0.809016994375 0.500000000000 0.309016994375 0.000000000000
1.000000000000 0.000000000000 0.000000000000 0.000000000000
