0 1
0 2
0 3
0 4
0 5
0 6
0 7
0 8
0 9
0 10
0 11
0 12
1 2
1 3
1 4
1 5
1 6
1 13
1 14
1 15
1 16
1 19
1 33
2 3
2 4
2 7
2 8
2 13
2 14
2 17
2 18
2 20
2 34
3 5
3 7
3 9
3 13
3 15
3 17
3 21
3 23
3 35
4 6
4 8
4 10
4 14
4 16
4 18
4 22
4 24
4 36
5 6
5 9
5 11
5 15
5 19
5 21
5 25
5 27
5 37
6 10
6 11
6 16
6 19
6 22
6 25
6 28
6 38
7 8
7 9
7 12
7 17
7 20
7 23
7 26
7 29
7 39
8 10
8 12
8 18
8 20
8 24
8 26
8 30
8 40
9 11
9 12
9 21
9 23
9 27
9 29
9 31
9 41
10 11
10 12
10 22
10 24
10 28
10 30
10 32
10 42
11 12
11 25
11 27
11 28
11 31
11 32
11 43
12 26
12 29
12 30
12 31
12 32
12 44
13 14
13 15
13 17
13 33
13 34
13 35
13 45
13 46
13 48
14 16
14 18
14 33
14 34
14 36
14 45
14 47
14 49
15 19
15 21
15 33
15 35
15 37
15 46
15 50
15 54
16 19
16 22
16 33
16 36
16 38
16 47
16 51
16 55
17 20
17 23
17 34
17 35
17 39
17 48
17 52
17 56
18 20
18 24
18 34
18 36
18 40
18 49
18 53
18 57
19 25
19 33
19 37
19 38
19 50
19 51
19 58
20 26
20 34
20 39
20 40
20 52
20 53
20 61
21 23
21 27
21 35
21 37
21 41
21 54
21 59
21 62
22 24
22 28
22 36
22 38
22 42
22 55
22 60
22 63
23 29
23 35
23 39
23 41
23 56
23 59
23 64
24 30
24 36
24 40
24 42
24 57
24 60
24 65
25 27
25 28
25 37
25 38
25 43
25 58
25 66
25 67
26 29
26 30
26 39
26 40
26 44
26 61
26 68
26 69
27 31
27 37
27 41
27 43
27 62
27 66
27 70
28 32
28 38
28 42
28 43
28 63
28 67
28 71
29 31
29 39
29 41
29 44
29 64
29 68
29 72
30 32
30 40
30 42
30 44
30 65
30 69
30 73
31 32
31 41
31 43
31 44
31 70
31 72
31 74
32 42
32 43
32 44
32 71
32 73
32 74
33 45
33 46
33 47
33 50
33 51
33 75
34 45
34 48
34 49
34 52
34 53
34 76
35 46
35 48
35 54
35 56
35 59
35 77
36 47
36 49
36 55
36 57
36 60
36 78
37 50
37 54
37 58
37 62
37 66
37 79
38 51
38 55
38 58
38 63
38 67
38 80
39 52
39 56
39 61
39 64
39 68
39 81
40 53
40 57
40 61
40 65
40 69
40 82
41 59
41 62
41 64
41 70
41 72
41 83
42 60
42 63
42 65
42 71
42 73
42 84
43 66
43 67
43 70
43 71
43 74
43 85
44 68
44 69
44 72
44 73
44 74
44 86
45 46
45 47
45 48
45 49
45 75
45 76
45 87
45 88
46 48
46 50
46 54
46 75
46 77
46 87
46 89
47 49
47 51
47 55
47 75
47 78
47 88
47 90
48 52
48 56
48 76
48 77
48 87
48 91
49 53
49 57
49 76
49 78
49 88
49 92
50 51
50 54
50 58
50 75
50 79
50 89
50 93
51 55
51 58
51 75
51 80
51 90
51 93
52 53
52 56
52 61
52 76
52 81
52 91
52 94
53 57
53 61
53 76
53 82
53 92
53 94
54 59
54 62
54 77
54 79
54 89
54 95
55 60
55 63
55 78
55 80
55 90
55 96
56 59
56 64
56 77
56 81
56 91
56 97
57 60
57 65
57 78
57 82
57 92
57 98
58 66
58 67
58 79
58 80
58 93
58 99
59 62
59 64
59 77
59 83
59 95
59 97
60 63
60 65
60 78
60 84
60 96
60 98
61 68
61 69
61 81
61 82
61 94
61 100
62 66
62 70
62 79
62 83
62 95
62 101
63 67
63 71
63 80
63 84
63 96
63 102
64 68
64 72
64 81
64 83
64 97
64 103
65 69
65 73
65 82
65 84
65 98
65 104
66 67
66 70
66 79
66 85
66 99
66 101
67 71
67 80
67 85
67 99
67 102
68 69
68 72
68 81
68 86
68 100
68 103
69 73
69 82
69 86
69 100
69 104
70 72
70 74
70 83
70 85
70 101
70 105
71 73
71 74
71 84
71 85
71 102
71 106
72 74
72 83
72 86
72 103
72 105
73 74
73 84
73 86
73 104
73 106
74 85
74 86
74 105
74 106
75 87
75 88
75 89
75 90
75 93
75 107
76 87
76 88
76 91
76 92
76 94
76 108
77 87
77 89
77 91
77 95
77 97
77 109
78 88
78 90
78 92
78 96
78 98
78 110
79 89
79 93
79 95
79 99
79 101
79 111
80 90
80 93
80 96
80 99
80 102
80 112
81 91
81 94
81 97
81 100
81 103
81 113
82 92
82 94
82 98
82 100
82 104
82 114
83 95
83 97
83 101
83 103
83 105
83 115
84 96
84 98
84 102
84 104
84 106
84 116
85 99
85 101
85 102
85 105
85 106
85 117
86 100
86 103
86 104
86 105
86 106
86 118
87 88
87 89
87 91
87 107
87 108
87 109
88 90
88 92
88 107
88 108
88 110
89 93
89 95
89 107
89 109
89 111
90 93
90 96
90 107
90 110
90 112
91 94
91 97
91 108
91 109
91 113
92 94
92 98
92 108
92 110
92 114
93 99
93 107
93 111
93 112
94 100
94 108
94 113
94 114
95 97
95 101
95 109
95 111
95 115
96 98
96 102
96 110
96 112
96 116
97 103
97 109
97 113
97 115
98 104
98 110
98 114
98 116
99 101
99 102
99 111
99 112
99 117
100 103
100 104
100 113
100 114
100 118
101 105
101 111
101 115
101 117
102 106
102 112
102 116
102 117
103 105
103 113
103 115
103 118
104 106
104 114
104 116
104 118
105 106
105 115
105 117
105 118
106 116
106 117
106 118
107 108
107 109
107 110
107 111
107 112
107 119
108 109
108 110
108 113
108 114
108 119
109 111
109 113
109 115
109 119
110 112
110 114
110 116
110 119
111 112
111 115
111 117
111 119
112 116
112 117
112 119
113 114
113 115
113 118
113 119
114 116
114 118
114 119
115 117
115 118
115 119
116 117
116 118
116 119
117 118
117 119
118 119
120 121
120 122
120 123
120 124
120 125
120 126
120 127
120 128
120 129
120 130
120 131
120 132
121 122
121 123
121 124
121 125
121 126
121 133
121 134
121 135
121 136
121 139
121 153
122 123
122 124
122 127
122 128
122 133
122 134
122 137
122 138
122 140
122 154
123 125
123 127
123 129
123 133
123 135
123 137
123 141
123 143
123 155
124 126
124 128
124 130
124 134
124 136
124 138
124 142
124 144
124 156
125 126
125 129
125 131
125 135
125 139
125 141
125 145
125 147
125 157
126 130
126 131
126 136
126 139
126 142
126 145
126 148
126 158
127 128
127 129
127 132
127 137
127 140
127 143
127 146
127 149
127 159
128 130
128 132
128 138
128 140
128 144
128 146
128 150
128 160
129 131
129 132
129 141
129 143
129 147
129 149
129 151
129 161
130 131
130 132
130 142
130 144
130 148
130 150
130 152
130 162
131 132
131 145
131 147
131 148
131 151
131 152
131 163
132 146
132 149
132 150
132 151
132 152
132 164
133 134
133 135
133 137
133 153
133 154
133 155
133 165
133 166
133 168
134 136
134 138
134 153
134 154
134 156
134 165
134 167
134 169
135 139
135 141
135 153
135 155
135 157
135 166
135 170
135 174
136 139
136 142
136 153
136 156
136 158
136 167
136 171
136 175
137 140
137 143
137 154
137 155
137 159
137 168
137 172
137 176
138 140
138 144
138 154
138 156
138 160
138 169
138 173
138 177
139 145
139 153
139 157
139 158
139 170
139 171
139 178
140 146
140 154
140 159
140 160
140 172
140 173
140 181
141 143
141 147
141 155
141 157
141 161
141 174
141 179
141 182
142 144
142 148
142 156
142 158
142 162
142 175
142 180
142 183
143 149
143 155
143 159
143 161
143 176
143 179
143 184
144 150
144 156
144 160
144 162
144 177
144 180
144 185
145 147
145 148
145 157
145 158
145 163
145 178
145 186
145 187
146 149
146 150
146 159
146 160
146 164
146 181
146 188
146 189
147 151
147 157
147 161
147 163
147 182
147 186
147 190
148 152
148 158
148 162
148 163
148 183
148 187
148 191
149 151
149 159
149 161
149 164
149 184
149 188
149 192
150 152
150 160
150 162
150 164
150 185
150 189
150 193
151 152
151 161
151 163
151 164
151 190
151 192
151 194
152 162
152 163
152 164
152 191
152 193
152 194
153 165
153 166
153 167
153 170
153 171
153 195
154 165
154 168
154 169
154 172
154 173
154 196
155 166
155 168
155 174
155 176
155 179
155 197
156 167
156 169
156 175
156 177
156 180
156 198
157 170
157 174
157 178
157 182
157 186
157 199
158 171
158 175
158 178
158 183
158 187
158 200
159 172
159 176
159 181
159 184
159 188
159 201
160 173
160 177
160 181
160 185
160 189
160 202
161 179
161 182
161 184
161 190
161 192
161 203
162 180
162 183
162 185
162 191
162 193
162 204
163 186
163 187
163 190
163 191
163 194
163 205
164 188
164 189
164 192
164 193
164 194
164 206
165 166
165 167
165 168
165 169
165 195
165 196
165 207
165 208
166 168
166 170
166 174
166 195
166 197
166 207
166 209
167 169
167 171
167 175
167 195
167 198
167 208
167 210
168 172
168 176
168 196
168 197
168 207
168 211
169 173
169 177
169 196
169 198
169 208
169 212
170 171
170 174
170 178
170 195
170 199
170 209
170 213
171 175
171 178
171 195
171 200
171 210
171 213
172 173
172 176
172 181
172 196
172 201
172 211
172 214
173 177
173 181
173 196
173 202
173 212
173 214
174 179
174 182
174 197
174 199
174 209
174 215
175 180
175 183
175 198
175 200
175 210
175 216
176 179
176 184
176 197
176 201
176 211
176 217
177 180
177 185
177 198
177 202
177 212
177 218
178 186
178 187
178 199
178 200
178 213
178 219
179 182
179 184
179 197
179 203
179 215
179 217
180 183
180 185
180 198
180 204
180 216
180 218
181 188
181 189
181 201
181 202
181 214
181 220
182 186
182 190
182 199
182 203
182 215
182 221
183 187
183 191
183 200
183 204
183 216
183 222
184 188
184 192
184 201
184 203
184 217
184 223
185 189
185 193
185 202
185 204
185 218
185 224
186 187
186 190
186 199
186 205
186 219
186 221
187 191
187 200
187 205
187 219
187 222
188 189
188 192
188 201
188 206
188 220
188 223
189 193
189 202
189 206
189 220
189 224
190 192
190 194
190 203
190 205
190 221
190 225
191 193
191 194
191 204
191 205
191 222
191 226
192 194
192 203
192 206
192 223
192 225
193 194
193 204
193 206
193 224
193 226
194 205
194 206
194 225
194 226
195 207
195 208
195 209
195 210
195 213
195 227
196 207
196 208
196 211
196 212
196 214
196 228
197 207
197 209
197 211
197 215
197 217
197 229
198 208
198 210
198 212
198 216
198 218
198 230
199 209
199 213
199 215
199 219
199 221
199 231
200 210
200 213
200 216
200 219
200 222
200 232
201 211
201 214
201 217
201 220
201 223
201 233
202 212
202 214
202 218
202 220
202 224
202 234
203 215
203 217
203 221
203 223
203 225
203 235
204 216
204 218
204 222
204 224
204 226
204 236
205 219
205 221
205 222
205 225
205 226
205 237
206 220
206 223
206 224
206 225
206 226
206 238
207 208
207 209
207 211
207 227
207 228
207 229
208 210
208 212
208 227
208 228
208 230
209 213
209 215
209 227
209 229
209 231
210 213
210 216
210 227
210 230
210 232
211 214
211 217
211 228
211 229
211 233
212 214
212 218
212 228
212 230
212 234
213 219
213 227
213 231
213 232
214 220
214 228
214 233
214 234
215 217
215 221
215 229
215 231
215 235
216 218
216 222
216 230
216 232
216 236
217 223
217 229
217 233
217 235
218 224
218 230
218 234
218 236
219 221
219 222
219 231
219 232
219 237
220 223
220 224
220 233
220 234
220 238
221 225
221 231
221 235
221 237
222 226
222 232
222 236
222 237
223 225
223 233
223 235
223 238
224 226
224 234
224 236
224 238
225 226
225 235
225 237
225 238
226 236
226 237
226 238
227 228
227 229
227 230
227 231
227 232
227 239
228 229
228 230
228 233
228 234
228 239
229 231
229 233
229 235
229 239
230 232
230 234
230 236
230 239
231 232
231 235
231 237
231 239
232 236
232 237
232 239
233 234
233 235
233 238
233 239
234 236
234 238
234 239
235 237
235 238
235 239
236 237
236 238
236 239
237 238
237 239
238 239
240 241
240 242
240 243
240 244
240 245
240 246
240 247
240 248
240 249
240 250
240 251
240 252
241 242
241 243
241 244
241 245
241 246
241 253
241 254
241 255
241 256
241 259
241 273
242 243
242 244
242 247
242 248
242 253
242 254
242 257
242 258
242 260
242 274
243 245
243 247
243 249
243 253
243 255
243 257
243 261
243 263
243 275
244 246
244 248
244 250
244 254
244 256
244 258
244 262
244 264
244 276
245 246
245 249
245 251
245 255
245 259
245 261
245 265
245 267
245 277
246 250
246 251
246 256
246 259
246 262
246 265
246 268
246 278
247 248
247 249
247 252
247 257
247 260
247 263
247 266
247 269
247 279
248 250
248 252
248 258
248 260
248 264
248 266
248 270
248 280
249 251
249 252
249 261
249 263
249 267
249 269
249 271
249 281
250 251
250 252
250 262
250 264
250 268
250 270
250 272
250 282
251 252
251 265
251 267
251 268
251 271
251 272
251 283
252 266
252 269
252 270
252 271
252 272
252 284
253 254
253 255
253 257
253 273
253 274
253 275
253 285
253 286
253 288
254 256
254 258
254 273
254 274
254 276
254 285
254 287
254 289
255 259
255 261
255 273
255 275
255 277
255 286
255 290
255 294
256 259
256 262
256 273
256 276
256 278
256 287
256 291
256 295
257 260
257 263
257 274
257 275
257 279
257 288
257 292
257 296
258 260
258 264
258 274
258 276
258 280
258 289
258 293
258 297
259 265
259 273
259 277
259 278
259 290
259 291
259 298
260 266
260 274
260 279
260 280
260 292
260 293
260 301
261 263
261 267
261 275
261 277
261 281
261 294
261 299
261 302
262 264
262 268
262 276
262 278
262 282
262 295
262 300
262 303
263 269
263 275
263 279
263 281
263 296
263 299
263 304
264 270
264 276
264 280
264 282
264 297
264 300
264 305
265 267
265 268
265 277
265 278
265 283
265 298
265 306
265 307
266 269
266 270
266 279
266 280
266 284
266 301
266 308
266 309
267 271
267 277
267 281
267 283
267 302
267 306
267 310
268 272
268 278
268 282
268 283
268 303
268 307
268 311
269 271
269 279
269 281
269 284
269 304
269 308
269 312
270 272
270 280
270 282
270 284
270 305
270 309
270 313
271 272
271 281
271 283
271 284
271 310
271 312
271 314
272 282
272 283
272 284
272 311
272 313
272 314
273 285
273 286
273 287
273 290
273 291
273 315
274 285
274 288
274 289
274 292
274 293
274 316
275 286
275 288
275 294
275 296
275 299
275 317
276 287
276 289
276 295
276 297
276 300
276 318
277 290
277 294
277 298
277 302
277 306
277 319
278 291
278 295
278 298
278 303
278 307
278 320
279 292
279 296
279 301
279 304
279 308
279 321
280 293
280 297
280 301
280 305
280 309
280 322
281 299
281 302
281 304
281 310
281 312
281 323
282 300
282 303
282 305
282 311
282 313
282 324
283 306
283 307
283 310
283 311
283 314
283 325
284 308
284 309
284 312
284 313
284 314
284 326
285 286
285 287
285 288
285 289
285 315
285 316
285 327
285 328
286 288
286 290
286 294
286 315
286 317
286 327
286 329
287 289
287 291
287 295
287 315
287 318
287 328
287 330
288 292
288 296
288 316
288 317
288 327
288 331
289 293
289 297
289 316
289 318
289 328
289 332
290 291
290 294
290 298
290 315
290 319
290 329
290 333
291 295
291 298
291 315
291 320
291 330
291 333
292 293
292 296
292 301
292 316
292 321
292 331
292 334
293 297
293 301
293 316
293 322
293 332
293 334
294 299
294 302
294 317
294 319
294 329
294 335
295 300
295 303
295 318
295 320
295 330
295 336
296 299
296 304
296 317
296 321
296 331
296 337
297 300
297 305
297 318
297 322
297 332
297 338
298 306
298 307
298 319
298 320
298 333
298 339
299 302
299 304
299 317
299 323
299 335
299 337
300 303
300 305
300 318
300 324
300 336
300 338
301 308
301 309
301 321
301 322
301 334
301 340
302 306
302 310
302 319
302 323
302 335
302 341
303 307
303 311
303 320
303 324
303 336
303 342
304 308
304 312
304 321
304 323
304 337
304 343
305 309
305 313
305 322
305 324
305 338
305 344
306 307
306 310
306 319
306 325
306 339
306 341
307 311
307 320
307 325
307 339
307 342
308 309
308 312
308 321
308 326
308 340
308 343
309 313
309 322
309 326
309 340
309 344
310 312
310 314
310 323
310 325
310 341
310 345
311 313
311 314
311 324
311 325
311 342
311 346
312 314
312 323
312 326
312 343
312 345
313 314
313 324
313 326
313 344
313 346
314 325
314 326
314 345
314 346
315 327
315 328
315 329
315 330
315 333
315 347
316 327
316 328
316 331
316 332
316 334
316 348
317 327
317 329
317 331
317 335
317 337
317 349
318 328
318 330
318 332
318 336
318 338
318 350
319 329
319 333
319 335
319 339
319 341
319 351
320 330
320 333
320 336
320 339
320 342
320 352
321 331
321 334
321 337
321 340
321 343
321 353
322 332
322 334
322 338
322 340
322 344
322 354
323 335
323 337
323 341
323 343
323 345
323 355
324 336
324 338
324 342
324 344
324 346
324 356
325 339
325 341
325 342
325 345
325 346
325 357
326 340
326 343
326 344
326 345
326 346
326 358
327 328
327 329
327 331
327 347
327 348
327 349
328 330
328 332
328 347
328 348
328 350
329 333
329 335
329 347
329 349
329 351
330 333
330 336
330 347
330 350
330 352
331 334
331 337
331 348
331 349
331 353
332 334
332 338
332 348
332 350
332 354
333 339
333 347
333 351
333 352
334 340
334 348
334 353
334 354
335 337
335 341
335 349
335 351
335 355
336 338
336 342
336 350
336 352
336 356
337 343
337 349
337 353
337 355
338 344
338 350
338 354
338 356
339 341
339 342
339 351
339 352
339 357
340 343
340 344
340 353
340 354
340 358
341 345
341 351
341 355
341 357
342 346
342 352
342 356
342 357
343 345
343 353
343 355
343 358
344 346
344 354
344 356
344 358
345 346
345 355
345 357
345 358
346 356
346 357
346 358
347 348
347 349
347 350
347 351
347 352
347 359
348 349
348 350
348 353
348 354
348 359
349 351
349 353
349 355
349 359
350 352
350 354
350 356
350 359
351 352
351 355
351 357
351 359
352 356
352 357
352 359
353 354
353 355
353 358
353 359
354 356
354 358
354 359
355 357
355 358
355 359
356 357
356 358
356 359
357 358
357 359
358 359
360 361
360 362
360 363
360 364
360 365
360 366
360 367
360 368
360 369
360 370
360 371
360 372
361 362
361 363
361 364
361 365
361 366
361 373
361 374
361 375
361 376
361 379
361 393
362 363
362 364
362 367
362 368
362 373
362 374
362 377
362 378
362 380
362 394
363 365
363 367
363 369
363 373
363 375
363 377
363 381
363 383
363 395
364 366
364 368
364 370
364 374
364 376
364 378
364 382
364 384
364 396
365 366
365 369
365 371
365 375
365 379
365 381
365 385
365 387
365 397
366 370
366 371
366 376
366 379
366 382
366 385
366 388
366 398
367 368
367 369
367 372
367 377
367 380
367 383
367 386
367 389
367 399
368 370
368 372
368 378
368 380
368 384
368 386
368 390
368 400
369 371
369 372
369 381
369 383
369 387
369 389
369 391
369 401
370 371
370 372
370 382
370 384
370 388
370 390
370 392
370 402
371 372
371 385
371 387
371 388
371 391
371 392
371 403
372 386
372 389
372 390
372 391
372 392
372 404
373 374
373 375
373 377
373 393
373 394
373 395
373 405
373 406
373 408
374 376
374 378
374 393
374 394
374 396
374 405
374 407
374 409
375 379
375 381
375 393
375 395
375 397
375 406
375 410
375 414
376 379
376 382
376 393
376 396
376 398
376 407
376 411
376 415
377 380
377 383
377 394
377 395
377 399
377 408
377 412
377 416
378 380
378 384
378 394
378 396
378 400
378 409
378 413
378 417
379 385
379 393
379 397
379 398
379 410
379 411
379 418
380 386
380 394
380 399
380 400
380 412
380 413
380 421
381 383
381 387
381 395
381 397
381 401
381 414
381 419
381 422
382 384
382 388
382 396
382 398
382 402
382 415
382 420
382 423
383 389
383 395
383 399
383 401
383 416
383 419
383 424
384 390
384 396
384 400
384 402
384 417
384 420
384 425
385 387
385 388
385 397
385 398
385 403
385 418
385 426
385 427
386 389
386 390
386 399
386 400
386 404
386 421
386 428
386 429
387 391
387 397
387 401
387 403
387 422
387 426
387 430
388 392
388 398
388 402
388 403
388 423
388 427
388 431
389 391
389 399
389 401
389 404
389 424
389 428
389 432
390 392
390 400
390 402
390 404
390 425
390 429
390 433
391 392
391 401
391 403
391 404
391 430
391 432
391 434
392 402
392 403
392 404
392 431
392 433
392 434
393 405
393 406
393 407
393 410
393 411
393 435
394 405
394 408
394 409
394 412
394 413
394 436
395 406
395 408
395 414
395 416
395 419
395 437
396 407
396 409
396 415
396 417
396 420
396 438
397 410
397 414
397 418
397 422
397 426
397 439
398 411
398 415
398 418
398 423
398 427
398 440
399 412
399 416
399 421
399 424
399 428
399 441
400 413
400 417
400 421
400 425
400 429
400 442
401 419
401 422
401 424
401 430
401 432
401 443
402 420
402 423
402 425
402 431
402 433
402 444
403 426
403 427
403 430
403 431
403 434
403 445
404 428
404 429
404 432
404 433
404 434
404 446
405 406
405 407
405 408
405 409
405 435
405 436
405 447
405 448
406 408
406 410
406 414
406 435
406 437
406 447
406 449
407 409
407 411
407 415
407 435
407 438
407 448
407 450
408 412
408 416
408 436
408 437
408 447
408 451
409 413
409 417
409 436
409 438
409 448
409 452
410 411
410 414
410 418
410 435
410 439
410 449
410 453
411 415
411 418
411 435
411 440
411 450
411 453
412 413
412 416
412 421
412 436
412 441
412 451
412 454
413 417
413 421
413 436
413 442
413 452
413 454
414 419
414 422
414 437
414 439
414 449
414 455
415 420
415 423
415 438
415 440
415 450
415 456
416 419
416 424
416 437
416 441
416 451
416 457
417 420
417 425
417 438
417 442
417 452
417 458
418 426
418 427
418 439
418 440
418 453
418 459
419 422
419 424
419 437
419 443
419 455
419 457
420 423
420 425
420 438
420 444
420 456
420 458
421 428
421 429
421 441
421 442
421 454
421 460
422 426
422 430
422 439
422 443
422 455
422 461
423 427
423 431
423 440
423 444
423 456
423 462
424 428
424 432
424 441
424 443
424 457
424 463
425 429
425 433
425 442
425 444
425 458
425 464
426 427
426 430
426 439
426 445
426 459
426 461
427 431
427 440
427 445
427 459
427 462
428 429
428 432
428 441
428 446
428 460
428 463
429 433
429 442
429 446
429 460
429 464
430 432
430 434
430 443
430 445
430 461
430 465
431 433
431 434
431 444
431 445
431 462
431 466
432 434
432 443
432 446
432 463
432 465
433 434
433 444
433 446
433 464
433 466
434 445
434 446
434 465
434 466
435 447
435 448
435 449
435 450
435 453
435 467
436 447
436 448
436 451
436 452
436 454
436 468
437 447
437 449
437 451
437 455
437 457
437 469
438 448
438 450
438 452
438 456
438 458
438 470
439 449
439 453
439 455
439 459
439 461
439 471
440 450
440 453
440 456
440 459
440 462
440 472
441 451
441 454
441 457
441 460
441 463
441 473
442 452
442 454
442 458
442 460
442 464
442 474
443 455
443 457
443 461
443 463
443 465
443 475
444 456
444 458
444 462
444 464
444 466
444 476
445 459
445 461
445 462
445 465
445 466
445 477
446 460
446 463
446 464
446 465
446 466
446 478
447 448
447 449
447 451
447 467
447 468
447 469
448 450
448 452
448 467
448 468
448 470
449 453
449 455
449 467
449 469
449 471
450 453
450 456
450 467
450 470
450 472
451 454
451 457
451 468
451 469
451 473
452 454
452 458
452 468
452 470
452 474
453 459
453 467
453 471
453 472
454 460
454 468
454 473
454 474
455 457
455 461
455 469
455 471
455 475
456 458
456 462
456 470
456 472
456 476
457 463
457 469
457 473
457 475
458 464
458 470
458 474
458 476
459 461
459 462
459 471
459 472
459 477
460 463
460 464
460 473
460 474
460 478
461 465
461 471
461 475
461 477
462 466
462 472
462 476
462 477
463 465
463 473
463 475
463 478
464 466
464 474
464 476
464 478
465 466
465 475
465 477
465 478
466 476
466 477
466 478
467 468
467 469
467 470
467 471
467 472
467 479
468 469
468 470
468 473
468 474
468 479
469 471
469 473
469 475
469 479
470 472
470 474
470 476
470 479
471 472
471 475
471 477
471 479
472 476
472 477
472 479
473 474
473 475
473 478
473 479
474 476
474 478
474 479
475 477
475 478
475 479
476 477
476 478
476 479
477 478
477 479
478 479
480 481
480 482
480 483
480 484
480 485
480 486
480 487
480 488
480 489
480 490
480 491
480 492
481 482
481 483
481 484
481 485
481 486
481 493
481 494
481 495
481 496
481 499
481 513
482 483
482 484
482 487
482 488
482 493
482 494
482 497
482 498
482 500
482 514
483 485
483 487
483 489
483 493
483 495
483 497
483 501
483 503
483 515
484 486
484 488
484 490
484 494
484 496
484 498
484 502
484 504
484 516
485 486
485 489
485 491
485 495
485 499
485 501
485 505
485 507
485 517
486 490
486 491
486 496
486 499
486 502
486 505
486 508
486 518
487 488
487 489
487 492
487 497
487 500
487 503
487 506
487 509
487 519
488 490
488 492
488 498
488 500
488 504
488 506
488 510
488 520
489 491
489 492
489 501
489 503
489 507
489 509
489 511
489 521
490 491
490 492
490 502
490 504
490 508
490 510
490 512
490 522
491 492
491 505
491 507
491 508
491 511
491 512
491 523
492 506
492 509
492 510
492 511
492 512
492 524
493 494
493 495
493 497
493 513
493 514
493 515
493 525
493 526
493 528
494 496
494 498
494 513
494 514
494 516
494 525
494 527
494 529
495 499
495 501
495 513
495 515
495 517
495 526
495 530
495 534
496 499
496 502
496 513
496 516
496 518
496 527
496 531
496 535
497 500
497 503
497 514
497 515
497 519
497 528
497 532
497 536
498 500
498 504
498 514
498 516
498 520
498 529
498 533
498 537
499 505
499 513
499 517
499 518
499 530
499 531
499 538
500 506
500 514
500 519
500 520
500 532
500 533
500 541
501 503
501 507
501 515
501 517
501 521
501 534
501 539
501 542
502 504
502 508
502 516
502 518
502 522
502 535
502 540
502 543
503 509
503 515
503 519
503 521
503 536
503 539
503 544
504 510
504 516
504 520
504 522
504 537
504 540
504 545
505 507
505 508
505 517
505 518
505 523
505 538
505 546
505 547
506 509
506 510
506 519
506 520
506 524
506 541
506 548
506 549
507 511
507 517
507 521
507 523
507 542
507 546
507 550
508 512
508 518
508 522
508 523
508 543
508 547
508 551
509 511
509 519
509 521
509 524
509 544
509 548
509 552
510 512
510 520
510 522
510 524
510 545
510 549
510 553
511 512
511 521
511 523
511 524
511 550
511 552
511 554
512 522
512 523
512 524
512 551
512 553
512 554
513 525
513 526
513 527
513 530
513 531
513 555
514 525
514 528
514 529
514 532
514 533
514 556
515 526
515 528
515 534
515 536
515 539
515 557
516 527
516 529
516 535
516 537
516 540
516 558
517 530
517 534
517 538
517 542
517 546
517 559
518 531
518 535
518 538
518 543
518 547
518 560
519 532
519 536
519 541
519 544
519 548
519 561
520 533
520 537
520 541
520 545
520 549
520 562
521 539
521 542
521 544
521 550
521 552
521 563
522 540
522 543
522 545
522 551
522 553
522 564
523 546
523 547
523 550
523 551
523 554
523 565
524 548
524 549
524 552
524 553
524 554
524 566
525 526
525 527
525 528
525 529
525 555
525 556
525 567
525 568
526 528
526 530
526 534
526 555
526 557
526 567
526 569
527 529
527 531
527 535
527 555
527 558
527 568
527 570
528 532
528 536
528 556
528 557
528 567
528 571
529 533
529 537
529 556
529 558
529 568
529 572
530 531
530 534
530 538
530 555
530 559
530 569
530 573
531 535
531 538
531 555
531 560
531 570
531 573
532 533
532 536
532 541
532 556
532 561
532 571
532 574
533 537
533 541
533 556
533 562
533 572
533 574
534 539
534 542
534 557
534 559
534 569
534 575
535 540
535 543
535 558
535 560
535 570
535 576
536 539
536 544
536 557
536 561
536 571
536 577
537 540
537 545
537 558
537 562
537 572
537 578
538 546
538 547
538 559
538 560
538 573
538 579
539 542
539 544
539 557
539 563
539 575
539 577
540 543
540 545
540 558
540 564
540 576
540 578
541 548
541 549
541 561
541 562
541 574
541 580
542 546
542 550
542 559
542 563
542 575
542 581
543 547
543 551
543 560
543 564
543 576
543 582
544 548
544 552
544 561
544 563
544 577
544 583
545 549
545 553
545 562
545 564
545 578
545 584
546 547
546 550
546 559
546 565
546 579
546 581
547 551
547 560
547 565
547 579
547 582
548 549
548 552
548 561
548 566
548 580
548 583
549 553
549 562
549 566
549 580
549 584
550 552
550 554
550 563
550 565
550 581
550 585
551 553
551 554
551 564
551 565
551 582
551 586
552 554
552 563
552 566
552 583
552 585
553 554
553 564
553 566
553 584
553 586
554 565
554 566
554 585
554 586
555 567
555 568
555 569
555 570
555 573
555 587
556 567
556 568
556 571
556 572
556 574
556 588
557 567
557 569
557 571
557 575
557 577
557 589
558 568
558 570
558 572
558 576
558 578
558 590
559 569
559 573
559 575
559 579
559 581
559 591
560 570
560 573
560 576
560 579
560 582
560 592
561 571
561 574
561 577
561 580
561 583
561 593
562 572
562 574
562 578
562 580
562 584
562 594
563 575
563 577
563 581
563 583
563 585
563 595
564 576
564 578
564 582
564 584
564 586
564 596
565 579
565 581
565 582
565 585
565 586
565 597
566 580
566 583
566 584
566 585
566 586
566 598
567 568
567 569
567 571
567 587
567 588
567 589
568 570
568 572
568 587
568 588
568 590
569 573
569 575
569 587
569 589
569 591
570 573
570 576
570 587
570 590
570 592
571 574
571 577
571 588
571 589
571 593
572 574
572 578
572 588
572 590
572 594
573 579
573 587
573 591
573 592
574 580
574 588
574 593
574 594
575 577
575 581
575 589
575 591
575 595
576 578
576 582
576 590
576 592
576 596
577 583
577 589
577 593
577 595
578 584
578 590
578 594
578 596
579 581
579 582
579 591
579 592
579 597
580 583
580 584
580 593
580 594
580 598
581 585
581 591
581 595
581 597
582 586
582 592
582 596
582 597
583 585
583 593
583 595
583 598
584 586
584 594
584 596
584 598
585 586
585 595
585 597
585 598
586 596
586 597
586 598
587 588
587 589
587 590
587 591
587 592
587 599
588 589
588 590
588 593
588 594
588 599
589 591
589 593
589 595
589 599
590 592
590 594
590 596
590 599
591 592
591 595
591 597
591 599
592 596
592 597
592 599
593 594
593 595
593 598
593 599
594 596
594 598
594 599
595 597
595 598
595 599
596 597
596 598
596 599
597 598
597 599
598 599
600 601
600 602
600 603
600 604
600 605
600 606
600 607
600 608
600 609
600 610
600 611
600 612
601 602
601 603
601 604
601 605
601 606
601 613
601 614
601 615
601 616
601 619
601 633
602 603
602 604
602 607
602 608
602 613
602 614
602 617
602 618
602 620
602 634
603 605
603 607
603 609
603 613
603 615
603 617
603 621
603 623
603 635
604 606
604 608
604 610
604 614
604 616
604 618
604 622
604 624
604 636
605 606
605 609
605 611
605 615
605 619
605 621
605 625
605 627
605 637
606 610
606 611
606 616
606 619
606 622
606 625
606 628
606 638
607 608
607 609
607 612
607 617
607 620
607 623
607 626
607 629
607 639
608 610
608 612
608 618
608 620
608 624
608 626
608 630
608 640
609 611
609 612
609 621
609 623
609 627
609 629
609 631
609 641
610 611
610 612
610 622
610 624
610 628
610 630
610 632
610 642
611 612
611 625
611 627
611 628
611 631
611 632
611 643
612 626
612 629
612 630
612 631
612 632
612 644
613 614
613 615
613 617
613 633
613 634
613 635
613 645
613 646
613 648
614 616
614 618
614 633
614 634
614 636
614 645
614 647
614 649
615 619
615 621
615 633
615 635
615 637
615 646
615 650
615 654
616 619
616 622
616 633
616 636
616 638
616 647
616 651
616 655
617 620
617 623
617 634
617 635
617 639
617 648
617 652
617 656
618 620
618 624
618 634
618 636
618 640
618 649
618 653
618 657
619 625
619 633
619 637
619 638
619 650
619 651
619 658
620 626
620 634
620 639
620 640
620 652
620 653
620 661
621 623
621 627
621 635
621 637
621 641
621 654
621 659
621 662
622 624
622 628
622 636
622 638
622 642
622 655
622 660
622 663
623 629
623 635
623 639
623 641
623 656
623 659
623 664
624 630
624 636
624 640
624 642
624 657
624 660
624 665
625 627
625 628
625 637
625 638
625 643
625 658
625 666
625 667
626 629
626 630
626 639
626 640
626 644
626 661
626 668
626 669
627 631
627 637
627 641
627 643
627 662
627 666
627 670
628 632
628 638
628 642
628 643
628 663
628 667
628 671
629 631
629 639
629 641
629 644
629 664
629 668
629 672
630 632
630 640
630 642
630 644
630 665
630 669
630 673
631 632
631 641
631 643
631 644
631 670
631 672
631 674
632 642
632 643
632 644
632 671
632 673
632 674
633 645
633 646
633 647
633 650
633 651
633 675
634 645
634 648
634 649
634 652
634 653
634 676
635 646
635 648
635 654
635 656
635 659
635 677
636 647
636 649
636 655
636 657
636 660
636 678
637 650
637 654
637 658
637 662
637 666
637 679
638 651
638 655
638 658
638 663
638 667
638 680
639 652
639 656
639 661
639 664
639 668
639 681
640 653
640 657
640 661
640 665
640 669
640 682
641 659
641 662
641 664
641 670
641 672
641 683
642 660
642 663
642 665
642 671
642 673
642 684
643 666
643 667
643 670
643 671
643 674
643 685
644 668
644 669
644 672
644 673
644 674
644 686
645 646
645 647
645 648
645 649
645 675
645 676
645 687
645 688
646 648
646 650
646 654
646 675
646 677
646 687
646 689
647 649
647 651
647 655
647 675
647 678
647 688
647 690
648 652
648 656
648 676
648 677
648 687
648 691
649 653
649 657
649 676
649 678
649 688
649 692
650 651
650 654
650 658
650 675
650 679
650 689
650 693
651 655
651 658
651 675
651 680
651 690
651 693
652 653
652 656
652 661
652 676
652 681
652 691
652 694
653 657
653 661
653 676
653 682
653 692
653 694
654 659
654 662
654 677
654 679
654 689
654 695
655 660
655 663
655 678
655 680
655 690
655 696
656 659
656 664
656 677
656 681
656 691
656 697
657 660
657 665
657 678
657 682
657 692
657 698
658 666
658 667
658 679
658 680
658 693
658 699
659 662
659 664
659 677
659 683
659 695
659 697
660 663
660 665
660 678
660 684
660 696
660 698
661 668
661 669
661 681
661 682
661 694
661 700
662 666
662 670
662 679
662 683
662 695
662 701
663 667
663 671
663 680
663 684
663 696
663 702
664 668
664 672
664 681
664 683
664 697
664 703
665 669
665 673
665 682
665 684
665 698
665 704
666 667
666 670
666 679
666 685
666 699
666 701
667 671
667 680
667 685
667 699
667 702
668 669
668 672
668 681
668 686
668 700
668 703
669 673
669 682
669 686
669 700
669 704
670 672
670 674
670 683
670 685
670 701
670 705
671 673
671 674
671 684
671 685
671 702
671 706
672 674
672 683
672 686
672 703
672 705
673 674
673 684
673 686
673 704
673 706
674 685
674 686
674 705
674 706
675 687
675 688
675 689
675 690
675 693
675 707
676 687
676 688
676 691
676 692
676 694
676 708
677 687
677 689
677 691
677 695
677 697
677 709
678 688
678 690
678 692
678 696
678 698
678 710
679 689
679 693
679 695
679 699
679 701
679 711
680 690
680 693
680 696
680 699
680 702
680 712
681 691
681 694
681 697
681 700
681 703
681 713
682 692
682 694
682 698
682 700
682 704
682 714
683 695
683 697
683 701
683 703
683 705
683 715
684 696
684 698
684 702
684 704
684 706
684 716
685 699
685 701
685 702
685 705
685 706
685 717
686 700
686 703
686 704
686 705
686 706
686 718
687 688
687 689
687 691
687 707
687 708
687 709
688 690
688 692
688 707
688 708
688 710
689 693
689 695
689 707
689 709
689 711
690 693
690 696
690 707
690 710
690 712
691 694
691 697
691 708
691 709
691 713
692 694
692 698
692 708
692 710
692 714
693 699
693 707
693 711
693 712
694 700
694 708
694 713
694 714
695 697
695 701
695 709
695 711
695 715
696 698
696 702
696 710
696 712
696 716
697 703
697 709
697 713
697 715
698 704
698 710
698 714
698 716
699 701
699 702
699 711
699 712
699 717
700 703
700 704
700 713
700 714
700 718
701 705
701 711
701 715
701 717
702 706
702 712
702 716
702 717
703 705
703 713
703 715
703 718
704 706
704 714
704 716
704 718
705 706
705 715
705 717
705 718
706 716
706 717
706 718
707 708
707 709
707 710
707 711
707 712
707 719
708 709
708 710
708 713
708 714
708 719
709 711
709 713
709 715
709 719
710 712
710 714
710 716
710 719
711 712
711 715
711 717
711 719
712 716
712 717
712 719
713 714
713 715
713 718
713 719
714 716
714 718
714 719
715 717
715 718
715 719
716 717
716 718
716 719
717 718
717 719
718 719
720 721
720 722
720 723
720 724
720 725
720 726
720 727
720 728
720 729
720 730
720 731
720 732
721 722
721 723
721 724
721 725
721 726
721 733
721 734
721 735
721 736
721 739
721 753
722 723
722 724
722 727
722 728
722 733
722 734
722 737
722 738
722 740
722 754
723 725
723 727
723 729
723 733
723 735
723 737
723 741
723 743
723 755
724 726
724 728
724 730
724 734
724 736
724 738
724 742
724 744
724 756
725 726
725 729
725 731
725 735
725 739
725 741
725 745
725 747
725 757
726 730
726 731
726 736
726 739
726 742
726 745
726 748
726 758
727 728
727 729
727 732
727 737
727 740
727 743
727 746
727 749
727 759
728 730
728 732
728 738
728 740
728 744
728 746
728 750
728 760
729 731
729 732
729 741
729 743
729 747
729 749
729 751
729 761
730 731
730 732
730 742
730 744
730 748
730 750
730 752
730 762
731 732
731 745
731 747
731 748
731 751
731 752
731 763
732 746
732 749
732 750
732 751
732 752
732 764
733 734
733 735
733 737
733 753
733 754
733 755
733 765
733 766
733 768
734 736
734 738
734 753
734 754
734 756
734 765
734 767
734 769
735 739
735 741
735 753
735 755
735 757
735 766
735 770
735 774
736 739
736 742
736 753
736 756
736 758
736 767
736 771
736 775
737 740
737 743
737 754
737 755
737 759
737 768
737 772
737 776
738 740
738 744
738 754
738 756
738 760
738 769
738 773
738 777
739 745
739 753
739 757
739 758
739 770
739 771
739 778
740 746
740 754
740 759
740 760
740 772
740 773
740 781
741 743
741 747
741 755
741 757
741 761
741 774
741 779
741 782
742 744
742 748
742 756
742 758
742 762
742 775
742 780
742 783
743 749
743 755
743 759
743 761
743 776
743 779
743 784
744 750
744 756
744 760
744 762
744 777
744 780
744 785
745 747
745 748
745 757
745 758
745 763
745 778
745 786
745 787
746 749
746 750
746 759
746 760
746 764
746 781
746 788
746 789
747 751
747 757
747 761
747 763
747 782
747 786
747 790
748 752
748 758
748 762
748 763
748 783
748 787
748 791
749 751
749 759
749 761
749 764
749 784
749 788
749 792
750 752
750 760
750 762
750 764
750 785
750 789
750 793
751 752
751 761
751 763
751 764
751 790
751 792
751 794
752 762
752 763
752 764
752 791
752 793
752 794
753 765
753 766
753 767
753 770
753 771
753 795
754 765
754 768
754 769
754 772
754 773
754 796
755 766
755 768
755 774
755 776
755 779
755 797
756 767
756 769
756 775
756 777
756 780
756 798
757 770
757 774
757 778
757 782
757 786
757 799
758 771
758 775
758 778
758 783
758 787
758 800
759 772
759 776
759 781
759 784
759 788
759 801
760 773
760 777
760 781
760 785
760 789
760 802
761 779
761 782
761 784
761 790
761 792
761 803
762 780
762 783
762 785
762 791
762 793
762 804
763 786
763 787
763 790
763 791
763 794
763 805
764 788
764 789
764 792
764 793
764 794
764 806
765 766
765 767
765 768
765 769
765 795
765 796
765 807
765 808
766 768
766 770
766 774
766 795
766 797
766 807
766 809
767 769
767 771
767 775
767 795
767 798
767 808
767 810
768 772
768 776
768 796
768 797
768 807
768 811
769 773
769 777
769 796
769 798
769 808
769 812
770 771
770 774
770 778
770 795
770 799
770 809
770 813
771 775
771 778
771 795
771 800
771 810
771 813
772 773
772 776
772 781
772 796
772 801
772 811
772 814
773 777
773 781
773 796
773 802
773 812
773 814
774 779
774 782
774 797
774 799
774 809
774 815
775 780
775 783
775 798
775 800
775 810
775 816
776 779
776 784
776 797
776 801
776 811
776 817
777 780
777 785
777 798
777 802
777 812
777 818
778 786
778 787
778 799
778 800
778 813
778 819
779 782
779 784
779 797
779 803
779 815
779 817
780 783
780 785
780 798
780 804
780 816
780 818
781 788
781 789
781 801
781 802
781 814
781 820
782 786
782 790
782 799
782 803
782 815
782 821
783 787
783 791
783 800
783 804
783 816
783 822
784 788
784 792
784 801
784 803
784 817
784 823
785 789
785 793
785 802
785 804
785 818
785 824
786 787
786 790
786 799
786 805
786 819
786 821
787 791
787 800
787 805
787 819
787 822
788 789
788 792
788 801
788 806
788 820
788 823
789 793
789 802
789 806
789 820
789 824
790 792
790 794
790 803
790 805
790 821
790 825
791 793
791 794
791 804
791 805
791 822
791 826
792 794
792 803
792 806
792 823
792 825
793 794
793 804
793 806
793 824
793 826
794 805
794 806
794 825
794 826
795 807
795 808
795 809
795 810
795 813
795 827
796 807
796 808
796 811
796 812
796 814
796 828
797 807
797 809
797 811
797 815
797 817
797 829
798 808
798 810
798 812
798 816
798 818
798 830
799 809
799 813
799 815
799 819
799 821
799 831
800 810
800 813
800 816
800 819
800 822
800 832
801 811
801 814
801 817
801 820
801 823
801 833
802 812
802 814
802 818
802 820
802 824
802 834
803 815
803 817
803 821
803 823
803 825
803 835
804 816
804 818
804 822
804 824
804 826
804 836
805 819
805 821
805 822
805 825
805 826
805 837
806 820
806 823
806 824
806 825
806 826
806 838
807 808
807 809
807 811
807 827
807 828
807 829
808 810
808 812
808 827
808 828
808 830
809 813
809 815
809 827
809 829
809 831
810 813
810 816
810 827
810 830
810 832
811 814
811 817
811 828
811 829
811 833
812 814
812 818
812 828
812 830
812 834
813 819
813 827
813 831
813 832
814 820
814 828
814 833
814 834
815 817
815 821
815 829
815 831
815 835
816 818
816 822
816 830
816 832
816 836
817 823
817 829
817 833
817 835
818 824
818 830
818 834
818 836
819 821
819 822
819 831
819 832
819 837
820 823
820 824
820 833
820 834
820 838
821 825
821 831
821 835
821 837
822 826
822 832
822 836
822 837
823 825
823 833
823 835
823 838
824 826
824 834
824 836
824 838
825 826
825 835
825 837
825 838
826 836
826 837
826 838
827 828
827 829
827 830
827 831
827 832
827 839
828 829
828 830
828 833
828 834
828 839
829 831
829 833
829 835
829 839
830 832
830 834
830 836
830 839
831 832
831 835
831 837
831 839
832 836
832 837
832 839
833 834
833 835
833 838
833 839
834 836
834 838
834 839
835 837
835 838
835 839
836 837
836 838
836 839
837 838
837 839
838 839
0 120
1 121
2 122
3 123
4 124
5 125
6 126
7 127
8 128
9 129
10 130
11 131
12 132
13 133
14 134
15 135
16 136
17 137
18 138
19 139
20 140
21 141
22 142
23 143
24 144
25 145
26 146
27 147
28 148
29 149
30 150
31 151
32 152
33 153
34 154
35 155
36 156
37 157
38 158
39 159
40 160
41 161
42 162
43 163
44 164
45 165
46 166
47 167
48 168
49 169
50 170
51 171
52 172
53 173
54 174
55 175
56 176
57 177
58 178
59 179
60 180
61 181
62 182
63 183
64 184
65 185
66 186
67 187
68 188
69 189
70 190
71 191
72 192
73 193
74 194
75 195
76 196
77 197
78 198
79 199
80 200
81 201
82 202
83 203
84 204
85 205
86 206
87 207
88 208
89 209
90 210
91 211
92 212
93 213
94 214
95 215
96 216
97 217
98 218
99 219
100 220
101 221
102 222
103 223
104 224
105 225
106 226
107 227
108 228
109 229
110 230
111 231
112 232
113 233
114 234
115 235
116 236
117 237
118 238
119 239
0 240
1 241
2 242
3 243
4 244
5 245
6 246
7 247
8 248
9 249
10 250
11 251
12 252
13 253
14 254
15 255
16 256
17 257
18 258
19 259
20 260
21 261
22 262
23 263
24 264
25 265
26 266
27 267
28 268
29 269
30 270
31 271
32 272
33 273
34 274
35 275
36 276
37 277
38 278
39 279
40 280
41 281
42 282
43 283
44 284
45 285
46 286
47 287
48 288
49 289
50 290
51 291
52 292
53 293
54 294
55 295
56 296
57 297
58 298
59 299
60 300
61 301
62 302
63 303
64 304
65 305
66 306
67 307
68 308
69 309
70 310
71 311
72 312
73 313
74 314
75 315
76 316
77 317
78 318
79 319
80 320
81 321
82 322
83 323
84 324
85 325
86 326
87 327
88 328
89 329
90 330
91 331
92 332
93 333
94 334
95 335
96 336
97 337
98 338
99 339
100 340
101 341
102 342
103 343
104 344
105 345
106 346
107 347
108 348
109 349
110 350
111 351
112 352
113 353
114 354
115 355
116 356
117 357
118 358
119 359
0 360
1 361
2 362
3 363
4 364
5 365
6 366
7 367
8 368
9 369
10 370
11 371
12 372
13 373
14 374
15 375
16 376
17 377
18 378
19 379
20 380
21 381
22 382
23 383
24 384
25 385
26 386
27 387
28 388
29 389
30 390
31 391
32 392
33 393
34 394
35 395
36 396
37 397
38 398
39 399
40 400
41 401
42 402
43 403
44 404
45 405
46 406
47 407
48 408
49 409
50 410
51 411
52 412
53 413
54 414
55 415
56 416
57 417
58 418
59 419
60 420
61 421
62 422
63 423
64 424
65 425
66 426
67 427
68 428
69 429
70 430
71 431
72 432
73 433
74 434
75 435
76 436
77 437
78 438
79 439
80 440
81 441
82 442
83 443
84 444
85 445
86 446
87 447
88 448
89 449
90 450
91 451
92 452
93 453
94 454
95 455
96 456
97 457
98 458
99 459
100 460
101 461
102 462
103 463
104 464
105 465
106 466
107 467
108 468
109 469
110 470
111 471
112 472
113 473
114 474
115 475
116 476
117 477
118 478
119 479
0 480
1 481
2 482
3 483
4 484
5 485
6 486
7 487
8 488
9 489
10 490
11 491
12 492
13 493
14 494
15 495
16 496
17 497
18 498
19 499
20 500
21 501
22 502
23 503
24 504
25 505
26 506
27 507
28 508
29 509
30 510
31 511
32 512
33 513
34 514
35 515
36 516
37 517
38 518
39 519
40 520
41 521
42 522
43 523
44 524
45 525
46 526
47 527
48 528
49 529
50 530
51 531
52 532
53 533
54 534
55 535
56 536
57 537
58 538
59 539
60 540
61 541
62 542
63 543
64 544
65 545
66 546
67 547
68 548
69 549
70 550
71 551
72 552
73 553
74 554
75 555
76 556
77 557
78 558
79 559
80 560
81 561
82 562
83 563
84 564
85 565
86 566
87 567
88 568
89 569
90 570
91 571
92 572
93 573
94 574
95 575
96 576
97 577
98 578
99 579
100 580
101 581
102 582
103 583
104 584
105 585
106 586
107 587
108 588
109 589
110 590
111 591
112 592
113 593
114 594
115 595
116 596
117 597
118 598
119 599
0 600
1 601
2 602
3 603
4 604
5 605
6 606
7 607
8 608
9 609
10 610
11 611
12 612
13 613
14 614
15 615
16 616
17 617
18 618
19 619
20 620
21 621
22 622
23 623
24 624
25 625
26 626
27 627
28 628
29 629
30 630
31 631
32 632
33 633
34 634
35 635
36 636
37 637
38 638
39 639
40 640
41 641
42 642
43 643
44 644
45 645
46 646
47 647
48 648
49 649
50 650
51 651
52 652
53 653
54 654
55 655
56 656
57 657
58 658
59 659
60 660
61 661
62 662
63 663
64 664
65 665
66 666
67 667
68 668
69 669
70 670
71 671
72 672
73 673
74 674
75 675
76 676
77 677
78 678
79 679
80 680
81 681
82 682
83 683
84 684
85 685
86 686
87 687
88 688
89 689
90 690
91 691
92 692
93 693
94 694
95 695
96 696
97 697
98 698
99 699
100 700
101 701
102 702
103 703
104 704
105 705
106 706
107 707
108 708
109 709
110 710
111 711
112 712
113 713
114 714
115 715
116 716
117 717
118 718
119 719
0 720
1 721
2 722
3 723
4 724
5 725
6 726
7 727
8 728
9 729
10 730
11 731
12 732
13 733
14 734
15 735
16 736
17 737
18 738
19 739
20 740
21 741
22 742
23 743
24 744
25 745
26 746
27 747
28 748
29 749
30 750
31 751
32 752
33 753
34 754
35 755
36 756
37 757
38 758
39 759
40 760
41 761
42 762
43 763
44 764
45 765
46 766
47 767
48 768
49 769
50 770
51 771
52 772
53 773
54 774
55 775
56 776
57 777
58 778
59 779
60 780
61 781
62 782
63 783
64 784
65 785
66 786
67 787
68 788
69 789
70 790
71 791
72 792
73 793
74 794
75 795
76 796
77 797
78 798
79 799
80 800
81 801
82 802
83 803
84 804
85 805
86 806
87 807
88 808
89 809
90 810
91 811
92 812
93 813
94 814
95 815
96 816
97 817
98 818
99 819
100 820
101 821
102 822
103 823
104 824
105 825
106 826
107 827
108 828
109 829
110 830
111 831
112 832
113 833
114 834
115 835
116 836
117 837
118 838
119 839
